Ringbuffer Full
17951
9692
1504
30834
1267
Ringbuffer Empty
5509
28397
19150
19813
19223
15772
24407
22929
10612
29608
26906
10710
14011
20147
694
32662
26676
9111
765
31380
27858
7490
11540
21189
5442
29838
23397
31974
18652
29457
2092
26181
20757
23838
17849
12887
10621
105
18253
12277
8432
17655
13991
18438
15610
1258
29335
22119
21035
32460
28909
5096
9637
22657
27062
29475
9711
3325
32093
2810
22072
22457
20315
1071
20446
24047
3692
29005
22099
16504
13744
24110
2147
15671
30506
20794
4976
20928
2831
10152
31671
10341
9328
14040
25985
16738
18589
21215
11729
11158
15670
22187
23473
18117
12183
482
22411
9441
21612
7996
12895
3196
1944
3046
21943
29997
21567
2494
14284
8069
24964
5103
17794
23536
26837
15265
11207
13226
32207
31349
5689
14857
8361
11174
26350
5585
27837
30873
5161
299
32648
27786
13183
6348
32097
12346
5016
21643
24156
27360
15298
6432
146
26486
18692
20527
21813
28753
10016
25839
15959
3670
1233
26869
2042
17103
27637
5277
14122
10067
12425
30279
25533
6867
14808
20818
18381
29832
20572
5093
4193
29900
11883
21855
12217
32283
8796
17244
3373
30772
18903
30454
28934
17304
7521
32214
11576
6546
11991
15928
5667
11577
7038
936
10075
14281
11224
29659
16578
14913
28495
22917
12530
6748
7020
26595
28272
9073
7821
2300
7648
21046
5470
32485
24636
9044
19132
3908
13312
20901
5777
23660
3906
20407
9972
5475
32706
5215
15694
26247
12589
6526
12607
11765
3784
28083
20861
27055
29568
18393
10783
3719
31219
15417
11862
27362
2861
22263
14301
8354
10715
30332
15893
17166
9317
29338
12803
9959
19537
10907
21725
6136
32576
10248
7136
32491
19899
23629
6248
6501
1810
19293
26107
22588
29008
5492
26410
9465
5733
25415
2225
19291
7432
6984
1954
8587
3896
15797
18329
25072
529
10459
1877
8226
31508
11208
19378
16098
1749
16962
13808
20002
19803
17214
32033
13229
15079
1321
5536
17355
21014
27335
24788
30737
27851
23231
2066
18848
22165
1978
29267
4766
28500
10964
9599
23388
9110
199
9425
18890
23744
8562
18011
30527
1580
30012
13141
28964
18070
32049
11862
7736
4553
2342
27500
5889
22674
17247
26728
29034
190
24431
1085
15571
12614
9163
23491
7689
2814
25363
25761
14192
5100
20416
2809
26049
25982
5259
16879
2711
20229
31099
15987
6388
20181
17462
32014
8992
29216
23689
29825
17846
8134
20602
8462
18250
26307
32288
22573
12060
19042
25362
12376
15906
13763
12624
19987
22629
30528
2
14359
27886
24674
7571
9070
5390
3534
11701
2990
27354
22999
27711
17156
23868
11108
3527
25117
15247
31932
9908
7881
31670
5929
13247
22951
21024
21503
5420
22400
31865
30032
5657
11359
22907
8274
18034
7702
15178
17087
6371
9691
22857
19690
25787
23799
22650
3125
1886
9778
18794
17529
14374
18245
9904
2076
2534
13712
27118
20304
6670
14490
28997
3177
24843
8413
6168
1275
26664
7189
9061
18321
17264
21587
12522
21724
23709
1588
18294
30938
10278
29293
7477
29540
2564
5511
32253
19462
13639
14494
31142
23934
9652
16600
30032
9207
23769
15318
14374
424
5906
7161
9821
31464
17317
7458
2788
23472
24553
30994
14173
13843
27898
11158
9113
15102
6822
19918
17586
1185
23364
3692
9765
10394
9615
489
4928
5560
664
30564
16165
28757
5304
17134
30792
13209
6960
27920
1648
27098
20678
9776
12497
1285
2337
22088
31916
1808
22996
18329
22400
19538
16532
20771
22365
13151
23206
23160
21703
25916
19331
2197
19633
9464
1752
15071
21286
18114
9550
17344
5599
23093
27842
9184
2228
30216
2872
9933
9299
25382
6611
30253
18114
1655
11761
27873
15983
2688
32533
22080
17639
560
21212
27685
26454
25336
1376
18116
15813
25354
15921
30877
6132
25938
23271
4448
24141
27027
11390
27305
7123
30178
2495
4202
20850
8311
2911
31629
28254
11711
17874
13146
27679
21433
28268
29969
2315
25285
1438
13517
18011
24794
22830
29326
20852
108
17376
4556
15450
26515
4195
16529
13328
2904
15209
5608
23948
25368
16016
31056
20186
15403
21838
19512
30577
7689
285
15861
11472
9847
3850
24282
27394
29773
28067
32026
7220
14394
10314
4966
15133
32092
13547
25006
2231
12421
19256
4550
15783
17913
18826
19678
15460
12847
8684
30408
30423
11907
12707
26478
7707
1203
3075
30834
30510
15453
31029
10905
19380
31149
28061
14534
10568
26205
5629
6603
28411
3098
1586
18066
19967
14112
10854
16758
14006
28061
4159
1379
8666
25766
7447
4553
10936
16302
5823
26223
12021
189
26143
126
9273
3815
11835
8208
2805
5862
29872
8621
31249
11351
8289
12360
15527
30257
27589
15812
2175
15045
3410
17633
25485
2429
23449
10319
10838
21509
15342
20091
8766
7622
27486
26313
24181
21400
30831
30617
21210
19501
4059
16367
8229
14783
10846
26087
11235
21793
35
19221
22589
8839
16239
15263
6140
22113
15525
20303
26460
7747
4317
22857
25236
16901
7381
7364
4838
14098
11317
14487
30628
11405
4675
11849
29569
24053
4578
31097
2119
17472
18527
660
22949
13710
19108
11674
7117
28704
9652
27430
18078
3453
12771
28292
18546
10463
11373
13584
17035
15891
18270
2208
29686
32434
22294
11250
3337
28839
4485
15099
27943
18872
13301
26116
31004
15953
26453
23362
14604
22114
27257
31441
27139
22976
31897
14989
9841
5058
25203
11679
24239
3214
16817
23823
7338
11635
16723
31650
13615
2910
1230
26480
23105
3039
3445
30387
24532
22119
13952
23352
29454
25743
1615
11805
9731
32075
26475
20791
31630
23069
14085
23009
15181
9552
10437
3794
9728
25839
21960
25072
10195
21345
24234
16519
30742
12678
12748
2437
23289
13091
16487
22757
17609
27489
30998
26893
26085
1169
12292
30690
23001
623
31427
22162
22287
10510
31388
15804
81
24850
18433
23773
9629
2815
22847
30163
23633
30129
13252
19806
25343
17292
19755
14071
15604
12174
29416
18769
26395
20202
51
31362
17444
1522
25164
2502
17235
26634
3636
14362
29431
12100
20288
30678
26402
13020
29500
27084
29631
32039
32115
18026
1425
24954
24627
7377
32627
1334
14543
27309
31971
14101
9205
20212
14160
13381
32286
12594
10969
29419
12059
Ringbuffer Full
